0.000000000000000000e+00 0.000000000000000000e+00
8.010734985006057185e-02 -4.625000000000000638e-02
-2.213008965178644349e-17 -9.250000000000002665e-02
-8.010734985006058573e-02 -4.625000000000001332e-02
-8.010734985006057185e-02 4.624999999999999251e-02
-2.644216767556415515e-17 9.249999999999994338e-02
8.010734985006058573e-02 4.625000000000001332e-02
1.606477124020133651e-01 -9.275000000000001299e-02
9.274999999999966604e-02 -1.606477124020131986e-01
2.471738397381693544e-16 -1.854999999999997207e-01
-9.274999999999999911e-02 -1.606477124020133651e-01
-1.606477124020131153e-01 -9.274999999999970768e-02
-1.854999999999996374e-01 -7.930903573849367926e-17
-1.606477124020133651e-01 9.274999999999998523e-02
-9.274999999999972156e-02 1.606477124020131153e-01
-2.471738397381693544e-16 1.854999999999997207e-01
9.274999999999997136e-02 1.606477124020133929e-01
1.606477124020131986e-01 9.274999999999965217e-02
1.854999999999997207e-01 2.458424894322671727e-16
